EyeWorks World File v1.0

--StartModel--
Name: Table
ObjectID: {BA47B855-AED3-428E-AAC0-FCC8C5955B47}
Type: 1
ID: 930095184
SceneCam: 1
Calibrate: 1
Calibration_Area: 0.29,0.3,1,1
Pos: -0.63,0,0
Rotation: 0,90,0
Size: 1.26,0.63
Color: 1,0,0,0.74902
Video-Source: "\\?\usb#vid_8086&pid_0b3a&mi_03#6&2f7c8bd1&0&0003#{e5323777-f976-4f5b-9b55-b94699c46e44}\global"
Video-Rotation: 0
Audio-Source: "<NONE>"

--StartModel--
Name: Blue
ObjectID: {FB08BFC0-E030-43B8-9D68-C83139BDDD55}
Type: 2
ID: 930095184
SceneCam: 0
Calibrate: 1
Calibration_Area: 0,0,1,1
Pos: 0.1,0.01,0.35
Rotation: 0,42.2,0
Size: 0.52,0.33
Color: 1,0,0,0.74902
Video-Source: "<NONE>"
Video-Rotation: 0
Audio-Source: "<NONE>"

